sku,name,price,description,url
RG104PRCT0009,His or Her Printed Couple T-shirts for Man & Women,"₹1,439.00","Browse through our samples in our website, insert your own pictures, add your own texts and make fantastic personalized couple t shirts that suit your needs and choices. They are ideal for all occasions, and a wide array of choices is there for you; T-shirts for special occasions, T-shirts for fun, for kids, for women and so on. Amaze your dear and near ones with quirky choices of eye-catching customized couple t shirts made available at Right Gifting. They are made from high-quality fabric and we offer them at attractive prices hence you get an amazing cost advantage. Use logo, text, graphic, image, or abstract patterns as per your choice and embellish the T-shirt with absolute personalization. We cater to bulk projects too. Buy Personalised Valentines Day Gifts online for your loved ones from Right Gifting: Valentine's Day is celebrated over the globe with most extreme love. People celebrate Valentine's day by expressing their love and appreciation for their loved ones. Romantic dates, Marriage Proposals and love- filled holidays are common features of the Valentine's Day. For some, gifting a card, a box of chocolates, a bit of jewellery, or gifting roses, is synonyms to Valentine's Day. Everybody attempts to make it a special day for the ones they love. We at Right Gifting have come with of an all new Personalized Valentine’s Day Gifts which you can gift to your loved ones and show your love and care towards them. From Couple T-Shirts and Post Cards to Make Up Pouch and Cosmetic Pouch Right Gifting has wide range of Valentine Gifts online. Feel free to look at the whole range. Cause your sweetheart to feel that you know them in and out and will always look for them and will take care of their heart. You deal with expressing your love and affection in the most unique manner, while we will deal with the rest. We guarantee quality items and timely delivery to items to happiness by taking your stress away.",https://rightgifting.com/fashion/him/couple-t-shirt/couple-t-shirtrg104prct0009.html.html
