sku,name,price,description,url
RG110TNAB0008,23cmx43cm Size Digital Printed Bandana Online Personalised,₹199.00,"Available in a variety of designs, shapes and sizes, these bandanas are perfect for everyone. Bandanas are the multi scarf headwear that can be used in several forms, like Neck Warmer, Sweatband mask, Pirate head scarf etc. This is the perfect gift you can give to someone you adore, they will definitely going to love it and feel special! Features Digital prints Customizable Expandable high-quality fabric Multi wash Multicolour Bandanas at RightGifting, Grab it now! We, at RightGifting, offer customizable bandanas and let you print your own style of designs or photos on it. You will get here a variety and lots of options, either you can buy it for yourself or buy to gift it to someone printing their photo or name over it. Multipurpose bandana is available at a very affordable price with RightGifting, and you will love the personalized bandana when you buy with us. Buy bandanas for him or her, and there are the best options available for everyone. Show your brand or yourself with this customized made bandana printed with the design you choose to have on it.",https://rightgifting.com/fashion/him/bandanaremove/bandanarg110tnab0008.html
