sku,name,price,description,url
rg104pric0016,Leaves Printed Customised Round Neck T-shirt For Men Fully Print,₹770.00,"Custom T-Shirts: T-Shirts structure by you and print at RightGifting Design T-Shirts for men, ladies and children in 100% Cotton and 100% polyester textures, modified with your logo, photograph, message or content. Polyester Custom T-Shirts, accessible in any color, is 100% Polyester and the t-shirt printing is finished utilizing sublimation strategy and computerized heat move. It is incredible for corporate occasions, games and giveaways. These personalised t-shirts are the affordable option extraordinary for mass purchasing and offers appealing limits. 100% Cotton Custom T-Shirts accessible in any color, give you complete comfort, and will look more attractive and stylish when you add your favorite designs and arts. T-Shirt printing on the web with RightGifting leaves you straightforward as we offer No Questions Asked Return Policy. We additionally offer Quality check @ Every progression and won't deliver a request until we are fulfilled. There are no concealed accuses and of RightGifting, what you see is the thing that you get. There is free delivering as well if the order is above rs.799. RightGifting is one of the best websites for Personalised T-Shirts in India. Buy stylish custom t-shirts online at Rightgifting and explore T-shirts for all age groups, be it kids, men or women.These cool, one of a kind T-Shirts can be customize as per your imagination. You can brandish your independence with your very own structure on your clothing. Make your very own style articulation with these T-Shirts. Be classy. Easy maintenance and comfort your body with this finely stitched T-Shirts.",https://rightgifting.com/fashion/him/t-shirt/t-shirtrg104pric0016.html.html
